10 11 1 1 0
11 10 1 1 0
11 02 2 1 0
02 11 2 1 0
11 22 2 1 0
22 11 2 1 0
22 23 1 1 0
23 22 1 1 0
23 53 5 1 0
53 23 5 1 0
53 83 5 1 0
83 53 5 1 0
23 24 1 1 0
24 23 1 1 0
04 24 3 1 0
24 04 3 1 0
24 44 3 1 0
44 24 3 1 0
44 46 3 1 0
46 44 3 1 0
26 46 3 1 0
46 26 3 1 0
26 28 3 1 0
28 26 3 1 0
31 81 9 1 0
81 31 9 1 0
81 83 1 1 0
83 81 1 1 0
83 85 4 1 0
85 83 4 1 0
85 88 4 1 0
88 85 4 1 0
02 03 1 6 0
03 02 1 6 0
03 04 1 6 0
04 03 1 6 0
04 05 1 6 0
05 04 1 6 0
05 25 1 6 0
25 05 1 6 0
24 25 1 6 0
25 24 1 6 0
25 35 1 6 0
35 25 1 6 0
22 32 1 6 1
32 22 1 6 0
31 32 1 6 0
32 31 1 6 0
32 42 1 6 0
42 32 1 6 0
42 52 1 6 0
52 42 1 6 0
52 62 1 6 0
62 52 1 6 0
62 72 1 6 0
72 62 1 6 0
52 53 1 6 0
53 52 1 6 0
53 54 1 6 0
54 53 1 6 0
44 54 1 6 0
54 44 1 6 0
54 64 1 6 1
64 54 1 6 0
64 74 1 6 1
74 64 1 6 0
54 55 1 6 0
55 54 1 6 1
64 65 1 6 0
65 64 1 6 0
74 75 1 6 0
75 74 1 6 0
55 65 1 6 0
65 55 1 6 0
65 75 1 6 0
75 65 1 6 0
75 85 1 6 0
85 75 1 6 0
25 26 1 6 0
26 25 1 6 0
72 81 2 12 0
81 72 2 12 0
35 55 2 2 0
55 35 2 2 0